C:\Python34\python.exe D:/NER/NER/main.py

0.409536729798
0.381429231272
0.471196689908
0.466585241544
0.350306251926
Config = [0, 0, 0, 0, 0, 0]
Final F1 = 0.41581082889
0.446116909435
0.397626577349
0.454051067922
0.415944162784
0.349831800845
Config = [1, 0, 0, 0, 0, 0]
Final F1 = 0.412714103667
0.43545198745
0.381421966528
0.448970991244
0.471521787387
0.359624815145
Config = [0, 1, 0, 0, 0, 0]
Final F1 = 0.419398309551
0.435566356844
0.390039171478
0.455188114831
0.435715703474
0.358755084935
Config = [1, 1, 0, 0, 0, 0]
Final F1 = 0.415052886312
0.4851011216
0.378175083894
0.483244248912
0.474132511071
0.384693295284
Config = [0, 0, 1, 0, 0, 0]
Final F1 = 0.441069252152
0.438653143428
0.398947654822
0.464791028283
0.409791859163
0.367557040579
Config = [1, 0, 1, 0, 0, 0]
Final F1 = 0.415948145255
0.48669333615
0.394329215964
0.470456956043
0.479301623581
0.358827702432
Config = [0, 1, 1, 0, 0, 0]
Final F1 = 0.437921766834
0.438830960764
0.398760567917
0.477928684944
0.425369310679
0.349694993507
Config = [1, 1, 1, 0, 0, 0]
Final F1 = 0.418116903562
0.480436689491
0.402668938808
0.503878331241
0.541628742316
0.389729447816
Config = [0, 0, 0, 1, 0, 0]
Final F1 = 0.463668429934
0.471468224851
0.419129876104
0.51098597416
0.508655528012
0.394204466771
Config = [1, 0, 0, 1, 0, 0]
Final F1 = 0.46088881398
0.495275808594
0.409338387784
0.507488662027
0.550585383169
0.391491855957
Config = [0, 1, 0, 1, 0, 0]
Final F1 = 0.470836019506
0.472379424667
0.411402092313
0.519238633288
0.50953640882
0.433697137747
Config = [1, 1, 0, 1, 0, 0]
Final F1 = 0.469250739367
0.485675885089
0.408786441163
0.507551638256
0.542768093014
0.381032105555
Config = [0, 0, 1, 1, 0, 0]
Final F1 = 0.465162832615
0.475690498277
0.407259478846
0.512351714432
0.51079047189
0.417025370281
Config = [1, 0, 1, 1, 0, 0]
Final F1 = 0.464623506745
0.471999781987
0.409844788432
0.50548613207
0.539329259826
0.39507770459
Config = [0, 1, 1, 1, 0, 0]
Final F1 = 0.464347533381
0.480932146035
0.417935396346
0.522836849382
0.507995186893
0.412256705053
Config = [1, 1, 1, 1, 0, 0]
Final F1 = 0.468391256742
0.451454383759
0.414265056527
0.473433186311
0.51372048023
0.376953496667
Config = [0, 0, 0, 0, 1, 0]
Final F1 = 0.445965320699
0.433797364389
0.421191580942
0.487728790678
0.466234254861
0.387117480898
Config = [1, 0, 0, 0, 1, 0]
Final F1 = 0.439213894354
0.449548326879
0.413886028708
0.486831772496
0.508840350267
0.371384083239
Config = [0, 1, 0, 0, 1, 0]
Final F1 = 0.446098112318
0.461484136489
0.418912637103
0.498496482093
0.481028866494
0.377136150539
Config = [1, 1, 0, 0, 1, 0]
Final F1 = 0.447411654544
0.468584635256
0.409674136878
0.494147799408
0.521391279063
0.369157943102
Config = [0, 0, 1, 0, 1, 0]
Final F1 = 0.452591158741
0.464452726996
0.422452592427
0.502089529097
0.4700852267
0.374630163998
Config = [1, 0, 1, 0, 1, 0]
Final F1 = 0.446742047844
0.492723450684
0.414599496802
0.501421356193
0.510898157165
0.351382997053
Config = [0, 1, 1, 0, 1, 0]
Final F1 = 0.45420509158
0.446825298846
0.425342146302
0.514107907583
0.475577011351
0.380373121053
Config = [1, 1, 1, 0, 1, 0]
Final F1 = 0.448445097027
0.48481199943
0.404640961187
0.507651588844
0.542428484395
0.386060631383
Config = [0, 0, 0, 1, 1, 0]
Final F1 = 0.465118733048
0.461582137339
0.415658434134
0.50591744989
0.501436272973
0.418367656371
Config = [1, 0, 0, 1, 1, 0]
Final F1 = 0.460592390141
0.502365615566
0.411350238346
0.513840309003
0.528839146012
0.416563221722
Config = [0, 1, 0, 1, 1, 0]
Final F1 = 0.47459170613
0.476711869279
0.418328283576
0.516182429026
0.502387494855
0.387209063363
Config = [1, 1, 0, 1, 1, 0]
Final F1 = 0.46016382802
0.478055091188
0.414678308007
0.523051868914
0.543090022995
0.386487908547
Config = [0, 0, 1, 1, 1, 0]
Final F1 = 0.46907263993
0.479752605751
0.424278436816
0.512339518428
0.507891564379
0.426188707716
Config = [1, 0, 1, 1, 1, 0]
Final F1 = 0.470090166618
0.487084642015
0.432818312984
0.523222916549
0.534900262366
0.420041498557
Config = [0, 1, 1, 1, 1, 0]
Final F1 = 0.479613526494
0.483727024037
0.415979372126
0.527720743201
0.50201099657
0.420233241809
Config = [1, 1, 1, 1, 1, 0]
Final F1 = 0.469934275548
0.399541982784
0.395974548399
0.456386452179
0.463609435917
0.346356173761
Config = [0, 0, 0, 0, 0, 1]
Final F1 = 0.412373718608
0.426153601018
0.396929235953
0.451090492961
0.423729784606
0.376307940173
Config = [1, 0, 0, 0, 0, 1]
Final F1 = 0.414842210942
0.443290546934
0.405088272069
0.45092651627
0.474020080099
0.35875754329
Config = [0, 1, 0, 0, 0, 1]
Final F1 = 0.426416591732
0.437192994861
0.407193507931
0.449290527362
0.437788713205
0.363716100686
Config = [1, 1, 0, 0, 0, 1]
Final F1 = 0.419036368809
0.45481226199
0.388997256338
0.471399373019
0.464577533372
0.389098290414
Config = [0, 0, 1, 0, 0, 1]
Final F1 = 0.433776943027
0.443266034306
0.405790577962
0.467939336588
0.42038289243
0.39270457171
Config = [1, 0, 1, 0, 0, 1]
Final F1 = 0.426016682599
0.457113555961
0.414485665597
0.465332887405
0.479534377955
0.366614012437
Config = [0, 1, 1, 0, 0, 1]
Final F1 = 0.436616099871
0.43683449445
0.40434158285
0.469586207423
0.439260452045
0.377029257114
Config = [1, 1, 1, 0, 0, 1]
Final F1 = 0.425410398776
0.48513381895
0.410148119176
0.495870637893
0.544484126923
0.395587057117
Config = [0, 0, 0, 1, 0, 1]
Final F1 = 0.466244752012
0.456796840563
0.408025039739
0.509746617934
0.508545835802
0.399910976287
Config = [1, 0, 0, 1, 0, 1]
Final F1 = 0.456605062065
0.483587330168
0.395170663326
0.503705042195
0.535198979558
0.403027457258
Config = [0, 1, 0, 1, 0, 1]
Final F1 = 0.464137894501
0.474130256491
0.416200366931
0.521130099835
0.509179844406
0.400563831761
Config = [1, 1, 0, 1, 0, 1]
Final F1 = 0.464240879885
0.485282147415
0.409872121229
0.527703132089
0.538531829397
0.400987377551
Config = [0, 0, 1, 1, 0, 1]
Final F1 = 0.472475321536
0.496441145667
0.40736142629
0.520283716516
0.513404825811
0.438526024735
Config = [1, 0, 1, 1, 0, 1]
Final F1 = 0.475203427804
0.49645289979
0.397928606324
0.524028717384
0.54377021281
0.425340683162
Config = [0, 1, 1, 1, 0, 1]
Final F1 = 0.477504223894
0.499733659566
0.423622019028
0.521401110179
0.509042169894
0.439659845119
Config = [1, 1, 1, 1, 0, 1]
Final F1 = 0.478691760757
0.451490471919
0.400248108494
0.495073262892
0.49574011791
0.369445331343
Config = [0, 0, 0, 0, 1, 1]
Final F1 = 0.442399458512
0.427770059632
0.41956965847
0.486383632465
0.482969879306
0.373043888325
Config = [1, 0, 0, 0, 1, 1]
Final F1 = 0.43794742364
0.452369087239
0.420278191947
0.500282901437
0.509477166602
0.36759892061
Config = [0, 1, 0, 0, 1, 1]
Final F1 = 0.450001253567
0.444113045595
0.408515870698
0.497908433768
0.476692802581
0.387172087635
Config = [1, 1, 0, 0, 1, 1]
Final F1 = 0.442880448055
0.474367946736
0.396935844087
0.483684391674
0.510911809398
0.350821916449
Config = [0, 0, 1, 0, 1, 1]
Final F1 = 0.443344381669
0.45920497768
0.430091159091
0.503608769164
0.475321107632
0.387855603579
Config = [1, 0, 1, 0, 1, 1]
Final F1 = 0.451216323429
0.469155997983
0.417444891417
0.489551948
0.50109843193
0.346690394866
Config = [0, 1, 1, 0, 1, 1]
Final F1 = 0.444788332839
0.458986592915
0.426705024153
0.501564000887
0.487028756461
0.369168303434
Config = [1, 1, 1, 0, 1, 1]
Final F1 = 0.44869053557
0.486425496982
0.42197094218
0.505108634315
0.543094609007
0.371122370054
Config = [0, 0, 0, 1, 1, 1]
Final F1 = 0.465544410508
0.471586947955
0.411844566741
0.503490883227
0.513907484365
0.409519278692
Config = [1, 0, 0, 1, 1, 1]
Final F1 = 0.462069832196
0.50363617506
0.398057201795
0.517475697095
0.539717459579
0.389203220728
Config = [0, 1, 0, 1, 1, 1]
Final F1 = 0.469617950851
0.459845025581
0.418294696392
0.517179408362
0.508881339107
0.413870104115
Config = [1, 1, 0, 1, 1, 1]
Final F1 = 0.463614114712
0.475136696916
0.393577695935
0.518703720827
0.545410710349
0.414397989805
Config = [0, 0, 1, 1, 1, 1]
Final F1 = 0.469445362766
0.487556913087
0.424755428523
0.514521557664
0.507835269154
0.389094110276
Config = [1, 0, 1, 1, 1, 1]
Final F1 = 0.464752655741
0.485589880872
0.422006364001
0.522068437813
0.540918701978
0.390112799374
Config = [0, 1, 1, 1, 1, 1]
Final F1 = 0.472139236807
0.49012358108
0.413840830309
0.51947094705
0.508674559457
0.412887965861
Config = [1, 1, 1, 1, 1, 1]
Final F1 = 0.468999576751
Best config = [0, 1, 1, 1, 1, 0]
Best F1 = 0.479613526494
